20
96,532 -8,822 5,046 -0,466 -4,378 -0,656 8,17 -9,122 7,558 0,491 -7,101 -1,858 4,285 6,065 4,443 2,589 -7,426 5,664 -3,834 -7,558 -736,63113
-2,358 101,002 -3,899 -2,048 -4,241 -6,544 4,306 -7,248 3,239 1,725 3,116 5,062 8,106 -0,025 6,727 -7,689 6,059 3,242 9,509 4,451 -1011,40689
-0,647 9,114 92,375 2,049 -4,573 4,965 -1,183 1,807 9,593 4,805 -3,668 -1,432 -8,824 -2,749 6,382 -1,056 -8,417 9,863 -4,112 -6,136 595,03945
-5,681 8,765 -0,217 93,962 6,178 -3,91 7,717 0,278 -3,485 -7,578 -3,344 -2,009 -7,975 8,289 -4,318 -1,627 5,903 -9,668 -1,509 -4,511 749,0368
3,647 6,92 -3,217 -3,507 89,19 -7,276 -9,655 3,367 4,476 3,379 3,622 0,587 9,92 -4,966 -9,651 -2,055 8,968 -0,752 -1,125 1,1 -11,09666
3,078 2,383 9,676 -9,423 9,152 121,852 0,7 -9,429 -4,32 9,531 7,397 8,374 -2,818 0,672 -8,155 -7 -3,412 9,248 -6,634 7,372 -747,19795
2,038 -0,957 3,034 7,405 -7,896 3,256 100,872 -9,572 6,935 1,084 9,616 4,389 -0,585 -9,432 -5,463 -2,893 -4,084 7,778 3,763 -0,356 727,99241
-1,203 3,849 6,224 2,212 2,738 4,361 8,504 99,374 2,381 0 -4,492 3,728 -5,381 -8,96 -6,66 -3,358 -6,828 7,047 5,706 -4,632 373,30936
-1,255 -1,553 7,781 -6,014 7,767 0,104 7,308 5,893 110,686 -8,53 -0,396 -2,272 -5,885 -6,758 5,194 6,81 -4,808 -0,634 8,894 -3,172 -1176,39383
-5,446 -8,916 4,107 -9,339 -5,204 9,528 -8,803 -9,535 -7,256 148,384 8,057 -5,724 2,652 -9,948 -4,598 8,443 -1,773 4,971 -5,743 -8,803 834,50263
1,71 -1,47 5,905 -3,999 -9,497 7,798 -1,854 -0,168 7,98 -2,319 88,685 8,54 -5,34 -5,809 -2,637 -6,326 -6,675 2,971 0,576 6,111 -158,56869
7,927 -9,261 1,547 -6,548 1,463 -6,81 -0,208 8,367 6,965 4,395 4,637 106,722 -3,568 2,845 2,554 8,203 4,66 -5,707 -8,27 3,051 594,30402
-5,236 3,05 -8,755 -4,264 -2,008 5,861 8,039 4,769 -5,098 -8 3,681 -4,914 97,681 3,783 -2,209 -5,642 -7,451 -0,96 4,608 8,353 -36,75088
-8,985 3,286 -7,825 2,908 8,228 1,346 4,809 -4,529 -1,335 -1,322 -1,154 -6,941 -5,206 80,152 -2,31 0,301 7,715 -6,529 -2,67 1,753 95,36961
2,063 2,395 -9,044 -9,454 2,808 9,062 -5,238 3,845 2,111 5,253 -2,878 4,698 9,169 -6,251 99,66 9,071 2,828 -0,236 -5,486 -6,77 -883,73857
6,237 3,322 -5,165 -7,973 -1,17 -9,38 -9,898 4,057 -5,166 -4,431 -2,721 -3,4 -2,133 -1,048 -9,108 103,046 2,363 -4,58 2,285 0,047 -236,03629
6,554 3,425 -8,275 -1,639 -4,375 -0,586 -2,074 1,231 -5,113 3,707 -7,185 -1,477 4,3 5,826 9,073 6,121 91,764 -6,022 8,442 -5,339 -151,28169
-2,723 -0,316 9,843 -1,902 1,302 4,798 8,872 7,852 -9,534 -5,656 2,229 3,184 7,672 9,683 9,896 -6,89 3,666 113,989 1,206 2,175 1293,62312
9,947 1,862 -5,537 8,077 3,567 3,125 -8,181 -4,902 3,844 -8,558 3,843 -4,614 1,839 -0,724 -6,259 -8,118 -9,737 4,323 99,002 -0,945 -932,39781
-5,579 -0,637 0,586 5,339 6,628 6,143 9,177 3,011 -5,147 -9,226 -2,764 2,485 6,962 -2,67 7,822 5,38 0,021 7,735 -8,328 96,64 554,26341